257
267
366
691
717
1009
1472
1484
1507
1577
1626
1870
1889
2279
2318
2444
2502
2839
2906
3087
3435
3949
242
245
263
264
281
284
285
288
296
300
305
315
319
330
350
351
352
355
363
379
382
399
400
405
409
410
412
419
421
427
432
440
452
455
456
456
459
461
464
467
470
478
479
482
483
487
488
489
492
496
496
504
506
513
526
527
533
539
562
563
563
572
573
580
588
591
592
593
594
608
613
614
622
626
628
635
639
643
643
646
648
649
650
651
662
667
668
672
681
690
691
711
716
716
717
719
722
728
730
730
735
738
745
746
749
750
757
760
769
772
775
776
777
778
778
781
787
788
790
793
793
794
798
801
801
803
804
809
809
815
822
823
823
826
828
830
833
835
838
838
839
840
841
844
845
846
847
851
852
852
853
854
855
857
858
859
860
860
861
861
863
867
869
869
872
872
872
872
873
874
878
878
878
880
880
883
886
888
889
891
893
895
895
898
904
907
907
908
909
917
918
922
925
925
925
928
930
930
931
931
932
932
933
935
936
936
936
938
938
940
944
947
949
951
954
955
956
957
960
961
961
964
964
965
966
970
978
980
982
982
984
984
985
986
988
990
990
990
991
992
992
994
997
998
998
1001
1001
1009
1012
1012
1014
1023
1025
1026
1027
1028
1028
1034
1037
1040
1041
1042
1045
1047
1047
1051
1053
1054
1058
1061
1061
1062
1063
1064
1064
1065
1065
1066
1067
1069
1069
1069
1074
1075
1076
1077
1077
1078
1081
1083
1085
1088
1088
1092
1093
1093
1094
1094
1097
1098
1098
1098
1099
1101
1102
1104
1104
1104
1106
1108
1108
1109
1109
1110
1112
1114
1116
1117
1118
1121
1121
1122
1122
1123
1124
1124
1125
1125
1126
1126
1126
1127
1128
1129
1130
1133
1133
1133
1134
1135
1135
1135
1136
1139
1140
1141
1141
1142
1142
1143
1144
1146
1146
1147
1148
1148
1148
1148
1150
1151
1157
1157
1159
1160
1161
1162
1163
1165
1166
1167
1169
1172
1172
1174
1175
1175
1176
1177
1178
1180
1180
1182
1183
1184
1184
1185
1185
1187
1188
1191
1198
1198
1199
1199
1202
1202
1204
1204
1205
1205
1206
1207
1207
1209
1214
1216
1216
1217
1217
1218
1219
1219
1221
1222
1222
1222
1223
1223
1223
1225
1227
1228
1228
1229
1230
1230
1230
1231
1231
1231
1232
1233
1233
1234
1234
1237
1237
1238
1238
1238
1239
1241
1241
1241
1242
1243
1244
1244
1244
1245
1246
1246
1247
1247
1247
1247
1248
1250
1250
1250
1251
1252
1252
1253
1254
1254
1254
1255
1255
1256
1257
1260
1260
1261
1261
1262
1263
1263
1264
1266
1267
1267
1268
1268
1269
1269
1269
1270
1270
1271
1271
1271
1272
1273
1274
1275
1275
1275
1277
1278
1278
1279
1279
1280
1282
1282
1283
1283
1283
1284
1284
1284
1285
1286
1286
1291
1291
1291
1292
1293
1294
1295
1295
1296
1297
1297
1299
1299
1301
1301
1302
1302
1303
1304
1305
1305
1306
1306
1306
1306
1306
1308
1308
1309
1309
1310
1310
1311
1313
1313
1314
1314
1314
1315
1316
1317
1317
1318
1320
1320
1320
1320
1320
1320
1320
1320
1321
1322
1323
1327
1327
1329
1329
1329
1329
1330
1331
1332
1332
1332
1334
1335
1335
1335
1337
1337
1339
1341
1342
1343
1343
1343
1345
1346
1347
1349
1350
1350
1352
1352
1355
1357
1358
1358
1360
1362
1362
1362
1363
1363
1364
1365
1366
1367
1368
1369
1369
1370
1370
1370
1371
1372
1372
1374
1374
1374
1376
1376
1378
1378
1379
1379
1379
1383
1386
1386
1386
1388
1389
1389
1389
1390
1392
1392
1393
1393
1394
1395
1396
1397
1398
1399
1402
1404
1405
1405
1406
1406
1406
1408
1408
1410
1410
1412
1412
1413
1415
1417
1419
1419
1419
1420
1420
1420
1420
1421
1423
1423
1424
1425
1425
1426
1426
1426
1428
1431
1431
1431
1435
1437
1437
1438
1439
1441
1441
1441
1441
1442
1442
1442
1445
1446
1446
1446
1446
1447
1447
1448
1448
1449
1449
1450
1451
1456
1459
1460
1460
1460
1461
1462
1462
1462
1462
1462
1463
1466
1467
1467
1467
1469
1470
1471
1472
1472
1472
1473
1473
1474
1475
1477
1477
1477
1478
1478
1478
1478
1478
1480
1481
1481
1482
1482
1482
1483
1483
1484
1484
1485
1486
1486
1486
1487
1488
1489
1490
1493
1494
1495
1495
1495
1497
1498
1498
1499
1500
1500
1502
1502
1502
1503
1503
1505
1506
1507
1507
1507
1508
1508
1509
1510
1510
1510
1511
1511
1512
1513
1514
1515
1516
1517
1517
1518
1519
1519
1519
1519
1520
1521
1521
1522
1523
1524
1524
1525
1529
1529
1530
1530
1532
1532
1533
1534
1536
1536
1537
1538
1538
1538
1539
1539
1539
1540
1541
1541
1543
1543
1543
1543
1544
1546
1546
1549
1549
1549
1549
1550
1550
1551
1552
1553
1555
1555
1556
1557
1559
1559
1559
1559
1560
1561
1563
1564
1567
1567
1567
1567
1568
1570
1571
1572
1572
1574
1574
1575
1576
1577
1577
1579
1580
1581
1582
1583
1583
1583
1585
1585
1585
1586
1586
1586
1588
1588
1591
1592
1592
1593
1593
1594
1594
1596
1596
1597
1597
1597
1597
1598
1601
1601
1602
1603
1606
1607
1607
1609
1609
1609
1609
1610
1610
1611
1611
1611
1611
1612
1613
1613
1614
1614
1615
1616
1616
1616
1617
1619
1619
1620
1620
1621
1621
1621
1621
1624
1624
1625
1626
1626
1627
1628
1628
1630
1631
1631
1632
1632
1632
1632
1633
1633
1634
1634
1635
1636
1637
1638
1638
1639
1639
1640
1641
1642
1643
1645
1646
1646
1646
1647
1647
1648
1648
1650
1650
1651
1651
1656
1656
1656
1657
1658
1658
1658
1658
1659
1659
1660
1661
1661
1662
1662
1663
1666
1666
1666
1666
1668
1668
1670
1671
1671
1671
1672
1673
1674
1674
1674
1674
1675
1676
1676
1677
1678
1678
1679
1680
1682
1682
1683
1683
1685
1686
1686
1686
1688
1689
1689
1689
1691
1691
1691
1692
1692
1692
1693
1693
1694
1695
1696
1696
1697
1699
1700
1700
1701
1702
1703
1705
1706
1708
1708
1709
1710
1712
1713
1713
1714
1714
1714
1714
1715
1716
1716
1717
1718
1718
1719
1720
1722
1724
1725
1726
1727
1728
1728
1729
1729
1730
1730
1731
1731
1732
1733
1734
1735
1735
1738
1738
1740
1741
1741
1741
1741
1742
1742
1742
1743
1743
1744
1744
1746
1747
1747
1747
1747
1747
1748
1748
1749
1749
1750
1751
1751
1753
1754
1754
1754
1754
1756
1756
1757
1757
1758
1758
1759
1759
1759
1759
1760
1761
1761
1761
1761
1761
1762
1762
1762
1762
1763
1766
1767
1769
1769
1769
1770
1771
1771
1771
1771
1772
1772
1773
1773
1774
1776
1776
1776
1777
1777
1778
1778
1778
1780
1780
1780
1781
1781
1781
1783
1784
1786
1786
1786
1786
1787
1788
1788
1788
1789
1790
1790
1791
1791
1792
1792
1792
1793
1793
1795
1796
1796
1796
1798
1799
1800
1800
1802
1802
1804
1804
1804
1804
1804
1806
1806
1809
1809
1809
1810
1810
1810
1810
1811
1811
1813
1813
1815
1815
1816
1816
1817
1817
1817
1818
1818
1819
1819
1820
1820
1821
1822
1823
1827
1829
1829
1830
1831
1831
1831
1831
1832
1833
1833
1834
1835
1836
1836
1836
1837
1837
1837
1838
1839
1840
1841
1841
1842
1843
1844
1845
1845
1846
1847
1848
1848
1848
1848
1850
1851
1851
1853
1854
1854
1855
1856
1856
1856
1857
1857
1859
1859
1860
1861
1861
1862
1863
1864
1864
1864
1864
1865
1865
1865
1865
1866
1866
1868
1870
1871
1872
1872
1873
1874
1874
1875
1875
1875
1877
1877
1877
1877
1878
1879
1879
1879
1880
1881
1881
1881
1882
1882
1883
1884
1884
1884
1884
1884
1885
1886
1887
1887
1889
1889
1890
1892
1892
1892
1892
1892
1893
1894
1894
1894
1895
1896
1897
1898
1899
1899
1900
1901
1901
1901
1902
1902
1903
1904
1906
1906
1908
1908
1908
1908
1909
1909
1910
1910
1910
1910
1913
1914
1914
1914
1914
1915
1916
1917
1917
1918
1919
1919
1920
1922
1922
1923
1923
1923
1925
1925
1925
1925
1925
1927
1927
1928
1929
1929
1930
1930
1930
1930
1930
1931
1932
1932
1932
1933
1934
1934
1935
1935
1936
1937
1937
1938
1938
1938
1939
1939
1939
1939
1940
1941
1941
1942
1942
1943
1943
1943
1943
1943
1944
1945
1945
1945
1947
1949
1949
1949
1950
1951
1951
1951
1951
1952
1955
1957
1958
1959
1961
1962
1963
1963
1963
1965
1966
1967
1967
1969
1970
1970
1971
1972
1972
1973
1973
1975
1975
1976
1977
1977
1978
1978
1978
1979
1980
1983
1983
1983
1983
1984
1985
1985
1986
1986
1986
1986
1987
1987
1988
1988
1990
1990
1991
1991
1991
1991
1991
1992
1993
1994
1995
1996
1997
1998
1999
1999
2000
2000
2001
2001
2001
2002
2004
2004
2005
2005
2006
2007
2007
2007
2008
2008
2008
2009
2010
2010
2010
2011
2011
2011
2012
2012
2012
2012
2012
2013
2013
2014
2014
2015
2015
2016
2017
2017
2017
2018
2018
2019
2019
2020
2023
2023
2023
2023
2024
2024
2025
2025
2025
2026
2026
2028
2028
2028
2031
2031
2032
2033
2034
2037
2037
2038
2038
2039
2041
2041
2041
2041
2042
2042
2043
2043
2043
2043
2044
2045
2046
2046
2047
2047
2047
2048
2049
2050
2051
2052
2055
2055
2056
2056
2057
2057
2058
2059
2060
2060
2060
2061
2061
2061
2062
2063
2063
2064
2065
2065
2065
2065
2066
2066
2066
2066
2067
2068
2068
2068
2069
2069
2071
2071
2071
2071
2072
2072
2072
2074
2074
2075
2075
2077
2078
2078
2078
2079
2080
2080
2080
2081
2081
2081
2081
2082
2083
2083
2083
2084
2085
2086
2087
2087
2088
2088
2089
2089
2090
2091
2092
2093
2094
2094
2094
2095
2096
2097
2097
2098
2099
2099
2100
2100
2100
2100
2101
2102
2104
2104
2105
2105
2105
2105
2106
2106
2107
2107
2107
2108
2109
2109
2112
2113
2114
2114
2114
2115
2115
2116
2116
2116
2116
2116
2117
2120
2121
2121
2123
2124
2125
2126
2126
2127
2127
2128
2129
2129
2132
2132
2133
2133
2133
2134
2134
2135
2136
2138
2138
2139
2139
2140
2141
2143
2145
2146
2146
2147
2148
2149
2149
2151
2151
2151
2153
2158
2159
2159
2160
2161
2162
2162
2163
2164
2167
2167
2168
2168
2168
2169
2169
2169
2169
2170
2170
2171
2171
2172
2174
2174
2175
2175
2175
2175
2176
2177
2177
2177
2179
2179
2179
2179
2180
2180
2180
2181
2181
2182
2184
2184
2184
2185
2187
2187
2187
2188
2189
2189
2189
2190
2190
2190
2193
2193
2193
2194
2194
2195
2196
2196
2196
2196
2197
2197
2197
2197
2197
2198
2198
2198
2200
2202
2202
2203
2204
2204
2205
2205
2205
2206
2206
2207
2208
2208
2209
2209
2210
2211
2211
2211
2211
2212
2212
2213
2213
2214
2216
2216
2217
2220
2221
2222
2223
2225
2226
2231
2233
2233
2233
2233
2235
2235
2236
2238
2239
2239
2239
2240
2240
2240
2241
2241
2242
2243
2244
2244
2245
2245
2245
2247
2249
2249
2251
2254
2254
2255
2255
2255
2255
2256
2256
2256
2258
2258
2260
2260
2261
2262
2263
2263
2263
2264
2264
2265
2265
2267
2270
2270
2270
2273
2273
2274
2274
2274
2275
2276
2276
2276
2277
2278
2279
2279
2279
2280
2280
2281
2284
2284
2284
2285
2285
2286
2286
2286
2288
2288
2290
2290
2291
2292
2293
2293
2294
2294
2296
2296
2297
2297
2297
2298
2300
2300
2300
2301
2301
2301
2301
2302
2302
2303
2304
2304
2304
2306
2306
2307
2307
2307
2308
2309
2310
2311
2312
2312
2313
2314
2314
2314
2315
2315
2315
2316
2316
2316
2317
2317
2317
2318
2318
2318
2319
2319
2319
2321
2322
2322
2322
2322
2323
2323
2323
2323
2323
2324
2325
2327
2327
2328
2329
2329
2330
2331
2332
2333
2333
2336
2336
2337
2337
2340
2340
2341
2341
2341
2341
2343
2344
2344
2344
2345
2346
2347
2347
2347
2348
2348
2349
2349
2349
2349
2349
2349
2350
2350
2350
2350
2351
2351
2353
2354
2354
2354
2355
2357
2357
2358
2360
2360
2360
2360
2363
2364
2366
2366
2366
2367
2367
2367
2367
2368
2368
2368
2369
2369
2370
2371
2372
2372
2373
2373
2373
2374
2374
2375
2375
2375
2376
2376
2378
2379
2379
2381
2382
2382
2382
2382
2383
2383
2383
2383
2383
2384
2384
2384
2384
2386
2387
2387
2387
2388
2389
2391
2391
2392
2392
2392
2393
2393
2396
2396
2396
2396
2397
2397
2397
2398
2398
2399
2399
2399
2401
2402
2405
2405
2407
2408
2408
2408
2409
2409
2410
2410
2410
2410
2411
2412
2414
2415
2415
2417
2419
2419
2420
2420
2421
2421
2422
2423
2423
2425
2425
2425
2426
2426
2427
2429
2429
2429
2430
2432
2432
2433
2434
2435
2436
2436
2436
2436
2436
2437
2437
2438
2438
2439
2439
2439
2441
2441
2441
2442
2442
2443
2443
2444
2444
2444
2444
2446
2446
2446
2446
2447
2448
2449
2449
2449
2449
2450
2450
2450
2450
2450
2450
2450
2451
2452
2453
2453
2453
2453
2455
2455
2459
2460
2460
2460
2460
2460
2460
2461
2461
2463
2463
2465
2465
2466
2466
2467
2468
2468
2468
2468
2468
2469
2470
2471
2471
2471
2471
2472
2472
2473
2475
2475
2476
2476
2476
2477
2477
2478
2478
2479
2480
2480
2480
2481
2482
2483
2484
2484
2484
2484
2485
2486
2486
2486
2486
2487
2489
2489
2489
2490
2490
2491
2493
2493
2494
2494
2494
2495
2495
2495
2496
2496
2496
2497
2497
2497
2498
2499
2499
2499
2501
2501
2501
2502
2502
2502
2503
2503
2504
2504
2505
2505
2505
2505
2506
2506
2507
2508
2508
2508
2509
2509
2509
2509
2510
2511
2512
2512
2513
2514
2515
2516
2516
2517
2517
2517
2518
2518
2519
2519
2520
2520
2520
2521
2521
2521
2522
2522
2522
2522
2522
2524
2526
2526
2526
2526
2526
2526
2527
2527
2527
2529
2529
2529
2530
2530
2531
2532
2532
2532
2533
2533
2533
2533
2535
2535
2536
2536
2537
2537
2538
2539
2539
2540
2540
2541
2541
2542
2543
2547
2548
2548
2549
2549
2550
2551
2554
2555
2557
2557
2558
2560
2562
2562
2563
2563
2564
2564
2564
2564
2565
2565
2566
2566
2566
2566
2567
2568
2568
2569
2569
2572
2572
2573
2573
2573
2574
2574
2574
2575
2575
2575
2576
2576
2576
2576
2576
2577
2577
2578
2579
2579
2580
2580
2581
2581
2581
2582
2584
2585
2585
2585
2585
2585
2586
2586
2587
2587
2587
2587
2588
2588
2590
2591
2592
2592
2592
2592
2592
2593
2594
2594
2596
2597
2597
2598
2600
2601
2601
2601
2601
2602
2602
2603
2605
2605
2607
2608
2608
2608
2609
2609
2612
2612
2613
2613
2614
2614
2615
2615
2616
2618
2621
2621
2621
2622
2622
2622
2624
2624
2625
2626
2626
2627
2627
2627
2629
2629
2629
2629
2631
2631
2631
2632
2632
2632
2632
2634
2636
2636
2636
2637
2637
2639
2639
2639
2640
2640
2640
2641
2641
2642
2642
2642
2643
2643
2644
2645
2645
2645
2647
2648
2649
2649
2649
2650
2650
2654
2655
2656
2659
2659
2659
2659
2660
2660
2662
2663
2664
2664
2664
2665
2665
2665
2666
2666
2667
2668
2668
2668
2669
2670
2672
2673
2673
2675
2676
2677
2677
2678
2678
2679
2680
2682
2683
2684
2686
2686
2687
2687
2688
2689
2691
2691
2692
2693
2696
2696
2696
2697
2697
2697
2698
2698
2698
2698
2699
2699
2699
2700
2701
2701
2702
2702
2702
2702
2702
2704
2705
2706
2706
2706
2706
2707
2708
2708
2709
2709
2712
2713
2713
2713
2714
2714
2714
2714
2715
2715
2715
2717
2717
2719
2719
2719
2721
2721
2722
2723
2723
2723
2723
2723
2724
2724
2725
2726
2728
2728
2728
2729
2729
2730
2730
2731
2732
2732
2732
2733
2733
2734
2734
2736
2737
2737
2738
2738
2738
2739
2740
2741
2741
2742
2742
2742
2742
2743
2744
2744
2745
2746
2746
2747
2747
2749
2749
2749
2750
2750
2752
2753
2753
2753
2754
2755
2755
2756
2757
2757
2758
2759
2759
2759
2760
2760
2760
2761
2761
2762
2762
2762
2762
2763
2763
2763
2763
2764
2764
2765
2765
2766
2766
2766
2767
2767
2768
2769
2769
2769
2769
2769
2770
2771
2771
2772
2773
2774
2774
2774
2775
2775
2777
2778
2778
2778
2778
2780
2780
2781
2782
2782
2782
2782
2783
2784
2784
2785
2786
2788
2788
2788
2788
2789
2789
2789
2789
2790
2791
2791
2791
2791
2791
2791
2791
2791
2794
2795
2795
2795
2796
2796
2797
2799
2800
2800
2801
2801
2802
2802
2803
2803
2803
2803
2803
2803
2804
2804
2804
2805
2805
2806
2806
2807
2808
2808
2808
2809
2810
2812
2813
2813
2813
2814
2815
2815
2815
2817
2817
2817
2817
2818
2819
2819
2820
2821
2822
2823
2824
2824
2824
2825
2825
2826
2827
2828
2828
2828
2829
2829
2830
2830
2831
2831
2832
2832
2833
2834
2834
2834
2834
2835
2835
2836
2836
2837
2839
2839
2840
2841
2841
2841
2841
2842
2842
2842
2843
2843
2845
2846
2848
2848
2848
2849
2849
2850
2851
2853
2853
2854
2854
2854
2855
2856
2858
2858
2859
2859
2859
2860
2860
2860
2860
2860
2861
2861
2862
2862
2862
2862
2862
2863
2863
2866
2866
2866
2868
2868
2868
2868
2869
2869
2869
2869
2869
2871
2871
2871
2872
2872
2872
2872
2873
2873
2873
2873
2874
2875
2875
2875
2876
2876
2876
2877
2877
2877
2878
2878
2879
2879
2879
2880
2882
2882
2882
2882
2883
2883
2885
2885
2885
2885
2886
2886
2886
2886
2886
2888
2889
2889
2890
2890
2890
2891
2891
2891
2892
2892
2892
2893
2894
2895
2896
2896
2896
2897
2897
2898
2899
2899
2899
2900
2900
2901
2903
2904
2904
2904
2904
2905
2906
2906
2908
2908
2909
2910
2911
2911
2912
2913
2913
2914
2915
2916
2917
2917
2919
2919
2920
2920
2920
2921
2921
2922
2922
2923
2923
2923
2923
2924
2924
2925
2925
2926
2927
2927
2927
2928
2928
2928
2929
2929
2929
2930
2930
2931
2931
2932
2932
2933
2934
2934
2934
2935
2935
2936
2936
2936
2936
2936
2937
2937
2937
2938
2938
2940
2940
2941
2941
2941
2942
2944
2944
2944
2944
2945
2946
2947
2949
2949
2949
2951
2952
2952
2953
2953
2953
2953
2953
2954
2955
2956
2958
2958
2958
2958
2959
2959
2960
2961
2963
2963
2964
2965
2965
2966
2966
2967
2968
2968
2969
2969
2970
2970
2970
2971
2971
2971
2972
2973
2973
2973
2975
2976
2976
2976
2976
2977
2979
2979
2980
2982
2982
2983
2983
2984
2984
2985
2985
2985
2986
2986
2988
2988
2988
2989
2992
2992
2992
2992
2994
2995
2996
2996
2996
2997
2997
2998
2999
3000
3001
3002
3003
3004
3005
3007
3008
3008
3009
3010
3011
3011
3011
3011
3012
3012
3012
3012
3013
3014
3014
3015
3018
3018
3018
3019
3021
3021
3022
3023
3025
3025
3026
3028
3028
3029
3031
3031
3032
3032
3034
3034
3034
3035
3036
3036
3036
3036
3037
3038
3038
3039
3043
3044
3044
3045
3045
3046
3047
3048
3048
3049
3049
3050
3051
3052
3052
3053
3053
3053
3053
3054
3055
3055
3055
3056
3062
3062
3062
3062
3064
3067
3071
3072
3074
3074
3074
3074
3074
3075
3075
3077
3077
3077
3078
3078
3079
3080
3080
3081
3081
3082
3082
3084
3084
3084
3086
3087
3087
3089
3090
3090
3090
3092
3093
3095
3096
3096
3097
3097
3099
3101
3101
3102
3104
3105
3105
3107
3107
3108
3109
3110
3111
3112
3113
3114
3115
3118
3124
3125
3126
3127
3127
3129
3134
3136
3137
3139
3139
3140
3140
3144
3145
3146
3147
3149
3150
3150
3152
3154
3154
3154
3155
3156
3156
3156
3159
3159
3159
3160
3160
3161
3162
3165
3169
3170
3172
3173
3175
3176
3176
3177
3178
3178
3180
3180
3181
3183
3185
3185
3187
3187
3187
3194
3194
3196
3198
3199
3202
3202
3203
3203
3204
3204
3206
3209
3212
3212
3213
3215
3217
3218
3218
3218
3220
3222
3222
3222
3223
3225
3226
3226
3229
3236
3237
3242
3244
3248
3249
3255
3256
3260
3265
3266
3266
3267
3267
3272
3274
3274
3276
3276
3277
3278
3281
3281
3283
3284
3285
3287
3289
3291
3294
3294
3296
3298
3300
3301
3304
3304
3304
3310
3320
3322
3322
3325
3326
3327
3328
3331
3332
3335
3340
3343
3353
3354
3355
3355
3355
3359
3364
3368
3368
3373
3376
3378
3384
3387
3388
3388
3391
3392
3393
3395
3399
3410
3411
3417
3420
3422
3424
3426
3427
3432
3433
3434
3434
3435
3439
3442
3444
3445
3457
3461
3461
3466
3466
3468
3475
3480
3481
3483
3486
3489
3490
3491
3493
3494
3494
3510
3513
3519
3519
3521
3530
3530
3534
3541
3543
3546
3549
3550
3553
3559
3561
3579
3579
3580
3587
3603
3603
3604
3607
3607
3608
3613
3620
3626
3627
3628
3628
3629
3633
3633
3634
3635
3641
3646
3647
3648
3649
3650
3651
3654
3658
3658
3659
3660
3660
3660
3660
3661
3663
3665
3674
3675
3675
3675
3676
3678
3679
3682
3683
3691
3692
3694
3695
3698
3699
3699
3708
3708
3708
3710
3712
3713
3713
3714
3715
3718
3723
3727
3728
3729
3729
3734
3750
3755
3758
3762
3762
3763
3767
3768
3775
3933
3949
3951
3992
4015
4031
4052
4076