











2
0

1
1
2

1
1

374400
19335
14485
19352
24383
20005
20033
20966
22945
34328
19402
18929
13584
16920
19141
21021
18803
15927
17051
20969
22627
26284
15433
18463
23805
348464
20635
28452
176067
26740
15558
17236
24980
175099
18212
29061
21249
144681
244735
23306
18286
22674
27202
14987
18189
20456
16627
14015
18235
13390
22853
20462
22669
20721
28892
18604
83259
16024
34880
30479
20975
17147
19303
16742
158443
15625
20774
23942
17809
19077
14076
190243
19298
17829
22276
53971
16091
18328
19694
20629
100722
11138
12728
14123
18327
104271
93489
19699
23382
14711

15708
19185
14011

11226
65212
15747
83750
41684
30798
21629
19330
28141
60665
73630
16555
74862
31284
14307
128128
70452
37946
226683
14670
14653
11249
31983
75170
15031
17234
50744
22193
38855
12734
25319
20635
20671
11249
10931
18194
23785
38572
16663
16651
52099
27508
22813
16080
33640
50574
28733
31540
21515
19010
12066
58373
38425
18673
45647
28454
25268
14490
17957
26237
17828
46108
19383
42459
15284
17021
12398
32291
16129
13526
11344
27117
9043
24361
11470
27946
28159
92135
20155
18322
10218
21606
9532
18777
16033
39941
25099
33938
14484
19452
22765
18368
23351
15989
10736
11383
36400
15099
11881
10327
62407
22056
11519
17290
40859
11646
30955
14344
18042
54449
31391
13918
17340
4691
15789
25367
14334
10757
20329
9339
16855
3993
9584
8745
17883
45508
7727
12351
16532
18289
10647
15230
9638
14320
12065
14822
12954
40574
25606
20273
12317
10637
14277
10876
19001
21427
14594
32288
19134
8702
34642
27109

19506
16944
34782
70475
12450
13332
11228
17806
11974
17410
19055
15460
16791
33064
17733
29545
10287
7250
15641
9860
16060
17502
10497
15974
15286
13566
13601
31568
14752
15351
14083
10017
17069
11639
10382
36020
12342
11111
12873
6994
11012
20815
9331
3566
15641
12358
32404
41207
24994
33695
7511
12847
8137
16113
7990
18418
32394
8178
17028
5154
7217
9191
11259
15522
23931
15232
5096
14639
13683
13996
28486
6919
15496
4267
3678
28931
35462
7912
10652
31466
13321
11364
25781
8221
13173
12060
14680
15049
11465
11999
21511
8663
47393
8422
56510
9337
13302
38589
17805
16919
9394
8623
17755
12977
42692
10340
28131
7208
17774
10435
10780
10512
12729
14728
80081
13576
10751
9031
10853
12881
5213
12154
10344
6981
1983
5288
12130
9113
26292
14602
8778
14784
14092
13265
22633
10630
16230
11428
7545
11487
15266
11938
4847
10209
25823
23554
13268
7687
13088
13688
5206
15291
8574
7978
5083
28301
7800
6037
15669
14572
16172
14752
25287
24272
12602
2823
9122
18168
9865
6760
11914
12921
12874
4607
7263
13964
7858
5815
28435
56820
14073
10415
15501
24644
10248
3331
10353
16979
8551
13396
8085
10201
1860
10533
6627
21548
31760
3631
5055
5261
6134
12994
13047
1271
3373
13191
10964
17684
20856
14833
11444
8937
9536
11031
16921
9116
9624
33166
19375
31823
7030
26025
6098
15169
11911
17697
13016
12461
10745
9982
48290
8672
8437
14833
23263
2880
16555
12024
28636
5026
5523
4275
9157
13499
12721
6558
11173
7407
11950
5399
16160
11453
7637
1020
17681
13927
5074
7381
11435
11326
6329
8124
10260
6648
11602
20070
14817
12391
19630
25867
12487
8110
12761
5830
8598
14571
8726
4750
11570
12335
29984
7784
6134
1285
4170
8533
19214
9699
5482
12934
6258
51352
3324
11542
31053
26887
1793
6211
6393
14155
6917
18761
13206
8270
9249
10953
9383
2143
16030
9963
5786
8665
15521
7982
21895
15275
5359
5095
26602
13613
8316
11999
7364
9799
18196
5122
11592
37367
9901
8308
7950
6002
8415
9115
7139
1269
3719
27468
13432
5062
5089
6576
10963
6238
9437
14909
21499
11469
12656
5039
46909
5196
13421
5365
8808
21179
14781
8738
1846
8771
5889
8436
10210
10441
9115
2254
16613
16037
704
7971
4686
7250
10154
5124
8734
20403
8092
8904
15166
23114
24739
6847
18176
14201
6560
11912
4873
7555
9170
9607
4208
9251
19308
8171
20833
9715
11047
15634
5897
12789
6322
15606
8120
5949
13560
7016
6030
28452
5573
3094
5570
7369
16946
26529
7445
9583
6008
10909
2939
7597
2934
12921
7646
4096
11947
7878
9759
2769
1899
6397
7895
11102
5399
8599
3296
5122
8028
736
9049
3852
2899
17438
10437
9292
2643
3570
6545
8243
3760
7404
9353
7242
4136
2291
6191
1297
384
6284
16526
7593
9373
1351
6560
8028
7267
4306
8945
8395
9300
8162
16420
2009
8139
8966
7428
806
924
4234
5028
6621
31044
6283
9008
2021

4955
6973
5300
14426
4376
4045
1332
3369
22281
450
13697
2319
7265
21983
12305
7802
12713
1022
2702
2380
1721
8074

3881
10453
7804
16259
9587
20297
3369
8729
7080
3899
7696
1942
10327
6338
9370
5942
16262
12676
10932
12511
16435
10977
12121
1363
5054
6452
3175

7776
3570
4268
1657
865
3401
3935
8392
19097
5828
693
10872
3660
1062
8285
6423
4615
11034
837
9499
3928
7209
12169
6474
4144
3066
5883
8522
887
9972
5903
1968
1538
2314
6190
9469
10330
6311
6982
7169
5087
19301
6260
4309
3940
395
4127
2910
5016
10659
4253
5633
5880
5030
4618
6175
14781
3689
4157
8569
4786
8261
4000
14643
1899
6550
2283
5206
1616
6687
5489
922
426
1559
5259
9197
5263
9878
11436
12879
1389
5161
5988
669
5913
2488
4974
3981
7269
6427
3327
845

8330
10990
5453
10266
4402
4203
6411
1283
905
5770
591
9098
807
20102
16758
12909
6644
5617
3838
1058
5420
5342
836
5374
4036
2064
4130
749
9978
2842
5226
2958
3256
3954
2542
15606
5744
5920
3926
498
622
9543
4366
10332
668
2572
7419
6971
4050
4100
8957
12419
1293
3021
4700
7065
1096
2281
4370
3912
1962
9235
3479
810
9416
2768
5894

6352
4713
2009
6106
7029
667
7814
5736
3813
975
10324
5456
3510
15991
375
9498
4990
2639
369
4413
4700
1001
2179
7002
2991
2911
9962
3321
7041
9417
2795
6130
7474
918
2789
11002
4594
6527
1758
2292
2082
2621
2404
4216
7382
8747
3617
7204
7794
4167
10559
1044
363
1961
3413
4395
2357
5088
630
9670
3862
1715
12133
7665
3501
13236
5189
6162
2180
10386
283
2154
3733
4019
522
5028
1606
314
4156
7582
4854
6591
2278
3771
1889
4877
2766
749
2176
4826
3187
4198
4073
482
2320
4952
5343
7566
2391
5664
7404
7919
2828
11004
3083
6669
4372
2893
2254
5831
3682
1525
2190
2388
5455
5003
4337
5195
4555
4063
7546
9257
3260
3388
4690
2867
685
1623
6456
3584
1821
1671
9071
2395
1389
2308
7304
3376
172
2163
4846
6407
10092
5632
470
5220
13398
10032
1325
4417
3569
515
3672
3698
6977
3528
3745
4342
7071
8518
475
1844
2073
3422
6074
4164
5516
3210
280
11101
2853
3741
2434
552
5706
3246
999
217
1364
8326
3744
11747
4303
5911
3564
2184
9128
7693
4209
5101
2574
391
1591
1057
2070
12013
5783
301
1030
3928
2203
508
3316
431
365
2943
635
1192
4045
2831
2218
3955
4228
2995
5072
4840
4831
5900
3461
4437
317
2339
3642
1023
4093
7256
9632
7164
1729
3443
4221
705
2427
3891
9314
3061
625
1381
5833
7111
1938
6644
2586
2102
3403
375
5386
10589
3660
5617
1780
1028
3421
455
4890
12911
371
2451
3771
411
2185
4152
3533
4442
3028
765
7158
1548
6773
1164
2405
1533
4697
762
2903
1745
4339
724
91
1123
3525
406
2644
3434
9656
4711
3331
6248
3185
2275
5521
1535
2497
1520
2175
5136
1815
4574
715
3807
3895
401
395
513
2800
423
921
1846
406
3054
810
4298
4403
3572
622
2314
193
10158
5469
2503
104
3480
6814
2571
3825
5522
3153
6371
6269
2183
2438
1807
3942
304
2620
1816
8270
1414
6398
774
1256
180
2162
4177
2829
492
4259
5412
1118
4726
804
2305
438
888
3189
4295
6270
1120
247

1095
160
359
2811
384
4277
247
1378
286
3303
3294
960
2733
1272
5258
6246
565
1513
2818
3728
152
1351
1464
1620
2390
276
954
2303
3963
119
6969
1842
7079
2
550
303
838
173
2669
2006
3856
6170
3449
127
1007
4232
6052
1722
474
164
299
1939
310
471
154
338
5939
1714
2073
178
4479
2447
2460
2658
4108
370
1423
1418
3339
2266
1826
5787
148
215
387
1259
69
101
3282
174
2268
322
170
1315
1492
2260
1892
334
3535
12709
2602
167
1795
1497
3378
3264
2185
1345
1158
96
3881
2306
101
2467
2149
3708
2427
3863
3656
2468
3624
3863
1943
1958
215
1624
1103
2199
1374
2490
5791
109
3722
441
130
1120
1561
3321
479
1949
891
2103
1501
1656
2681
4087
3229
3458
1876
257
2152
3265
879
120
787
546
2900
4234
1858
1003
1174
1091
73
69
229
60
3330
548
2560
2114
83
1003
1297
162
4056
2461
1760
487
127
1498
412
74
2249
4595
1849
2624
142
4191
2140
2479
4013
1813
4344
1727
1522
1536
1577
1189
334
1657
238
2029
1570
256
2690
3924
89
1790
1491
3308
960
4898
2254
2633
3820
279
3535
556
4237
894
2235
2976
1828
109
1195
119
2654
338
1482
2428
1910
1433
1794
2582
3410
2522
5887
2129
2641
5111
2735
469
447
2803
1543
3990
2402
801
3023
86
1103
1974
512
3354
1654
205
945
2774
1589
2003
2084
954
916
385
258
5669
2311
92
183
1226
660
244
1092
833
215
2083
1545
1193
1238
4484
3236
986
1949
3008
1496
4070
1126
52
649
1270
681
767
1904
173
78
84
74
100
2886
1839
1080
666
132
1222
4400
676
1857
441
1141
879
2348
279
1072
93
1749
1389
2227
2148
1898
219
117
4266
2727
159
862
773
2498
1808
110
77
891
211
1028
309
3238
1375
1530
739
1377
646
2600
487
4327
54
1015
1204
1725
1439
3419
1135
2091
680
854
231
357
86
1963
1667
1145
2425
989
857
1784
1383
1395
98
707
1259
328
175
2058
2773
1118
1598
144
536
1470
1178
1899
1557
436
995
66
1205
1771
449
472
219
1607
310
1004
402
958
383
584
3250
2600
112
60
2040
77
801
5372
60
280
80
1048
370
2175
208
380
884
4259
1410
146
354
425
606
1302
944
1539
1463
1450
996
231
1069
644
3179
984
1779
1105
565
1340
357
1236
1388
343
2626
521
455
203
1366
2763
1134
64
1680
589
1739
1291
603
1553
1493
433
1033
8091
3310
1712
1269
1461
403
1223
592
155
2168
1274
1616
49
1443
32
345
374
483
1546
2879
4960
401
1378
85
1654
710
1034
983
99
772
595
1634
1119
67
547
1007
751
55
57
171
409
503
530
1429
781
1682
1228
76
97
757
799
1578
759
96
926
789
798
621
600
450
700
1671
377
1534
1316
439
935
79
1206
903
1268
1499
2084
67
237
812
1055
670
1142
1223
995
677
271
902
2069
1047
1457
536
947
1298
905
640
654
378
941
867
944
1361
91
4106
795
941
61
1372
565
118
3358
2533
47
1177
468
389
276
233
2614
1428
837
667
1230
423
683
670
768
720
601
1036
188
259
1063
387
1151
1340
1917
352
203
1970
130
3023
72
2351
1797
1087
1180
318
6470
66
551
1618
695
842
541
74
1746
1238
299
1175
1250
1137
1108
715
339
1600
866
1039
684
776
1579
773
4972
651
51
1637
429
126
801
1031
207
614
551
807
619
43
196
1877
48
598
369
0
4298
323
1090
87
90
733
92
768
332
1373
831
604
696
712
235
52
90
583
874
142
537
492
384
82
58
812
68
385
713
350
808
142
939
1034
38
6167
88
995
1130
1579
1989
1789
263
547
1083
573
476
1263
88
1322
26
33
37
136
984
604
585
743
859
440
1810
1456
1217
730

88
2175
513
398
109
569
637
399
246
340
154
1206
361
804
46
1087
134
1130
484
308
588
586
1336
1857
56
38
457
769
846
69
610
299
525
69
622
651
698
71
187
73
591
752
847
495
268
730
103
807
71
424
259
394
331
214
1245
1203
478
1519
475
1206
122
3022
1075
196
1536
1253
1476
49
745
732
1406
1331
425
1100
267
76
436
408
519
356
1330
336
360
1280
48
714
365
544
96
639
300
154
184
526
373
431
70
138
62
625
413
517
317
2025
61
221
1257
291
195
385
1275
107
242
576
1026
67
124
45
403
50
212
565
734
277
555
92
94
1675
575
896
583
250
1082
175
77
287
123
399
634
217
565
1164
138
64
110
110
187
188
512
389
662
268
93
30
880
426
131
382
519
362
47
346
244
695
286
398
83
434
485
975
672
144
501
248
237
408
73
505
368
199
236
235
361
268
48
404
394
375
371
481
797
66
1464
448
287
939
601
419
236
1249
482
222
28
533
68
141
534
457
1
824
232
397
119
423
561
140
153
141
231
96
307
255
159
37
155
116
44
156
628
586
482
36
37
35
258
426
290
343
737
59
151
1084
213
902
51
544
947
288
504
326
389
181
73
78
22
319
1082
498
125
996
258
195
873
120
378
113
235
393
179
289
307
673
41
546
1027
142
648
349
444
390
660
147
991
217
98
229
517
1687
130
1235
71
794
193
215
186
528
358
404
412
803
316
84
216
99
1008
489
535
198
163
928
416
213
46
440
246
182
801
1
216
154
122
728
374
96
188
208
299
373
564
110
513
626
1874
428
481
411
780
55
205
579
384
146
844
432
662
257
318
68
197
186
189
493
236
460
119
403
519
296
503
34
151
263
255
488
449
212
289
117
253
127
302
192
124
622
836
225
1067
194
120
61
375
118
151
77
314
369
226
214
1157
391
617
520
559
494
257
376
95
25
327
110
393
105
552
238
259
49
973
206
274
214
206
279
278
133
238
1476
114
41
418
259
459
230
214
59
381
291
264
309
385
708
170
695
215
71
45
353
204
51
295
434
54
50
596
58
87
135
185
318
600
156
457
404
188
228
170
54
281
133
566
489
168
216
131
300
296
123
228
382
240
133
79
219
240
1255
355
117
88
188
211
513
96
205
109
567
94
47
36
310
160
38
1710
43
275
354
130
379
140
192
334
378
96
5915
91
217
368
277
126
69
168
303
65
148
268
202
193
206
187
160
516
48
93
112
94
143
72
129
357
223
57
147
113
140
161
228
186
347
798
90
318
60
149
49
84
36
342
370
65
300
52
361
42
78
40
1113
122
104
130
179
101
229
135
87
167
62
142
583
174
414
1614
182
316
313
163
74
344
205
312
21
153
110
137
41
144
33
119
36
271
223
435
380
202
138
107
61
89
152
62
165
406
409
159
122
47
46
44
96
35
174
629
186
159
201
553
33
67
163
315
88
106
154
173
43
371
365
72
161
109
202
41
151
402
293
133
148
275
83
254
352
317
36
425
141
25
135
182
177
197
114
121
71
78
92
200
207
133
319
57
81
36
103
102
266
358
23
194
119
54
93
158
196
277
105
1812
104
119
351
232
123
102
146
37
134
192
103
353
167
221
48
279
138
117
111
57
120
68
163
152
124
108
283
90
156
202
72
25
237
104
50
287
168
116
406
179
481
145
164
112
153
110
93
334
62
99
72
45
82
89
244
131
82
205
238
324
46
184
63
926
85
65
100
96
62
27
25
170
115
59
352
223
236
54
46
222
144
73
85
131
148
78
88
45
116
238
72
118
172
203
139
93
59
158
89
57
66
87
109
179
117
221
50
151
174
226
243
120
33
122
45
147
256
270
46
163
90
167
95
245
152
299
123
144
177
161
103
136
216
104
191
166
211
41
122
644
59
186
27
49
223
123
20
214
170
82
217
169
922
318
210
61
158
58
230
83
84
151
45
264
89
168
46
142
58
1050
25
242
66
100
63
44
195
115
255
77
115
82
195
241
87
205
125
38
231
101
44
138
678
146
100
155
45
46
219
57
169
57
64
146
125
224
235
36
107
85
159
136
86
73
22
2
104
180
82
183
52
18
103
300
236
31
88
62
92
144
56
135
93
152
69
54
75
250
60
114
44
88
61
58
69
403
104
231
38
69
87
132
102
144
128
97
291
26
171
45
70
53
278
112
41
48
88
146
57
55
43
68
116
98
103
146
301
38
140
63
78
63
114
450
137
107
166
46
68
104
122
33
166
79
43
127
179
112
89
89
183
78
110
108
39
167
106
117
90
211
30
499
72
140
99
33
308
79
99
32
120
44
2240
31
213
109
24
134
50
76
101
79
7
198
97
3867
251
248
89
405
103
106
81
198
34
251
74
79
1825
80

389
222
36
20
207
311
83
42
90
56
120
119
170
131
258
78
43
157
123
88
35
41
1340
61
46
151
144
159
81
138
57
78
279
45
209
123
34
75
170
88
65
444
119
74
1997
95
296
185
52
38
43
32
99
147
84
10412
267
73
47
85
45
87
126
138
76
187
151
50
63
90
90
37
134
50
41
32
44
198
97
184
160
108
47
176
25
30
59
73
74
342
35
45
36
67
210
98
142
42
524
82
30
76
54
73
94
133
92
3025
161
53
65
85
83
31
58
43
2918
155
55
47
107
171
241
948
34
111
61
39
34
64
217
50
61
52
60
73
174
169
102
39
113
66
51
68
17
48
2832
27
183
3133
98
305
51
2161
157
102
100
56
19
87
55
119
110
29
135
54
148
146
35
10
100
66
149
2938
1852
2489
88
133
52
50
108
45
48
62
44
84
44
176
41
67
177
50
41
33
423
69
230
100
65
68
23
63
161
52
107
206
57
1551
45
147
168
46
155
49
120
1698
50
58
56
58
136
88
35
37
24
52
71
83
28
99
135
177
44
66
240
50
34
27
72
52
73
130
96
59
74
36
58
45
2482
72
75
63
30
102
29
56
28
32
20
53
58
88
105
52
54
1111
1
920
110
82
99
76
58
48
29
48
27
33
84
38
22
87
43
50
53
5194
81
2907
33
67
79
40
81
41
35
38
33
15
39
17
49
100
235
57
23
70
26
86
114
39
34
107
28
56
39
29
74
40
51
88
98
25
44
33
60
82
16
21
35
74
135
32
72
27
34
26
136
50
27
108
30
36
8
8
49
27
32
185
45
75
119
8
29
49
44
46
187
126
72
62
24
32
46
73
52
25
19
45
38
34
62
19
27
61
78
29
119
19
59
57
41
55
99
37
43
113
60
35
151
37
42
48
37
211
36
91
44
68
43
47
36
40
132
13
59
39
57
31
59
1733
33
49
48
22
37
19
18
24
31
26
80
37
28
40
9758
16
37
2101
76
48
1842
28
41
37
5366
104
28
8
37
36
18
18
45
21
4712
24
19
32
13
27
286
50
99
43
640
90
32
22
5115
23
21
34
43
76
2937
1
36
14588
2867
24
10143
2052
28
60
14
18
2465
2558
23
33
114
22928
6071
108
14569
10051
17
795
5981
4365
50
446
21
3410
42
14701
150
2712
24
2868
6657
2709
11585
34
5565
3469
1752
1820
1200
27
485
2239
10387
678
4975
2696
3663
1215
3416
30
17
2821
958
112
2239
488
2339
750
4248
2133
3147
2869
1825
3533
4736
4865
956
39
13811
2889
1280
826
3706
8873
1255
2517
2267
1922
7532
5160
21243
5848
2851
1576
2159
2022
7841
510
6092
3913
915
2855
2434
2005
960
6021
421
2446
16645
2526
4693
1042
3519
2546
6587
6895
508
3777
3873
3504
609
571
1879
29

52
16
17
39
44
25